1.01 1.7952 13140 55.76258 2.470613 20.3 1603
2.01 3.9107 6205 54.35781 2.204735 11.6 1743
3.01 2.3607 3873 57.81227 4.887818 4.8 796
4.01 2.3866 1099 90.52610 3.849370 4.0 1242
5.01 2.0326 876 65.97350 4.780325 7.0 1376
7.01 3.6234 683 56.61126 3.213682 3.7 1290
10.01 3.2860 8686 54.11809 3.522297 10.5 1287
12.01 7.4343 8559 79.59772 17.855038 12.6 868
13.01 3.2029 4286 53.56498 1.763589 20.5 3257
17.01 3.9011 9939 54.48575 3.234700 9.4 1192
18.01 4.6271 6690 55.90127 3.548461 8.2 1180
20.01 4.7062 15524 104.00835 4.437964 12.8 1145
22.01 4.3233 9783 110.24939 7.891445 9.4 890
41.01 6.3192 206 55.95890 12.815210 1.4 741
42.01 4.4845 231 114.23500 17.832800 2.6 834
44.01 14.0968 2543 93.39500 66.512600 7.5 412
46.01 3.8313 1241 103.93100 3.487714 3.2 1117
49.01 3.6652 1026 108.99000 8.313930 2.8 906
51.01 3.3759 24059 66.93528 10.431147 4.8 314
63.01 2.9910 3783 110.84210 9.434152 6.6 844
64.01 1.6811 1127 90.54051 1.951094 8.5 1760
69.01 2.8948 248 67.92512 4.726745 1.6 1036
70.01 3.7978 946 71.60857 10.854042 2.3 643
70.02 2.4785 345 67.50050 3.696125 1.6 919
70.03 7.2380 731 97.72900 77.609000 2.0 333
70.04 2.7697 68 68.93000 6.098520 0.6 779
72.01 1.8200 169 64.57364 0.837496 1.3 1790
72.02 6.8565 425 71.67600 45.294910 2.3 478
75.01 17.4137 1175 89.96910 105.888500 4.3 391
82.01 4.1390 904 67.75190 16.145830 6.8 786
82.02 3.2778 228 67.07450 10.312000 3.7 914
84.01 3.4186 638 68.99092 9.287047 2.2 737
85.01 4.0746 300 65.03920 5.859965 3.2 1318
85.02 3.2040 91 66.50080 2.154880 1.7 1823
85.03 4.2219 95 70.99240 8.131190 2.0 1177
87.01 7.5747 443 66.69870 289.860500 2.4 282
89.01 10.4048 343 83.58700 84.676300 4.4 756
89.02 7.4240 347 222.85500 107.500000 5.5 698
92.01 3.7259 648 70.45080 65.700800 4.4 505
94.01 7.0052 5240 65.74223 22.340940 12.6 851
94.02 5.3435 690 71.00840 10.423610 4.0 1099
94.03 9.0070 1778 94.23970 90.532300 6.9 534
97.01 5.5128 6835 67.27602 4.885491 11.0 1226
98.01 6.8561 2120 71.08749 6.790119 12.1 1528
99.01 19.7865 1662 73.04860 817.000000 4.6 177
100.01 4.5162 1388 74.15150 9.966512 13.6 1493
102.01 2.4232 860 68.05961 1.735134 6.9 2175
103.01 3.4297 737 74.33310 14.911550 2.3 628
104.01 1.2727 1082 67.99798 2.508091 2.8 927
105.01 2.3693 997 69.65020 8.980920 8.1 1100
107.01 4.8694 427 67.02150 7.257003 2.1 943
108.01 4.5210 465 75.17620 15.965340 2.7 777
110.01 3.9364 481 68.21360 9.940750 2.9 985
111.01 4.5716 466 70.61350 11.427514 2.5 814
111.02 5.7168 420 65.71050 23.668600 2.3 638
111.04 7.5697 586 359.35720 103.511200 2.5 391
112.01 6.3832 697 118.17980 51.079430 3.7 539
112.02 2.5592 109 66.98370 3.709209 1.7 1300
113.01 4.6696 956 87.31830 300.000000 8.3 269
115.01 2.9014 548 66.14140 5.412245 3.4 1260
115.02 2.7875 177 72.00790 7.125750 2.2 1147
116.01 3.5494 434 69.27630 13.570960 4.7 1057
116.02 6.7062 554 84.93440 43.844800 4.8 715
117.01 6.1280 366 71.77510 14.749420 2.4 729
117.02 4.0855 108 71.60970 4.901340 1.3 1048
117.03 3.3490 104 66.51060 3.179850 1.3 1217
117.04 4.1670 40 70.83800 7.957200 0.7 892
118.01 5.7166 239 71.67980 24.993480 1.8 590
119.01 11.2962 1455 74.91250 49.183810 3.9 462
122.01 3.9263 469 64.97140 11.522904 1.9 716
123.01 3.6301 270 55.97660 6.481654 2.3 1091
123.02 6.4510 336 70.57630 21.222220 2.5 739
124.01 3.8682 205 70.12340 12.691160 2.3 926
124.02 5.0544 324 75.82200 31.719540 2.8 681
127.01 2.9074 10776 67.02957 3.578778 9.7 1098
128.01 3.5022 10407 69.32863 4.942781 15.7 1240
131.01 4.6736 6399 66.17565 5.014177 9.0 1181
135.01 2.7842 7318 65.41537 3.024102 8.3 1250
137.01 3.5437 2170 68.40567 7.641577 6.0 949
137.02 3.7766 3025 61.15248 14.859006 8.6 760
137.03 2.0761 248 66.50710 3.504720 2.3 1228
138.01 6.1103 6547 73.76480 48.938070 16.6 716
139.01 10.7262 3268 75.08810 224.793700 5.7 288
139.02 2.6756 107 74.35400 3.341800 1.2 1169
141.01 1.4408 2232 65.30523 2.624219 4.3 1090
142.01 3.7354 1095 66.02420 10.914785 2.5 661
144.01 3.7045 1287 66.08938 4.176263 6.6 1198
148.01 2.6944 417 57.06280 4.777978 2.1 908
148.02 3.2778 885 58.34270 9.673740 3.0 716
148.03 5.6283 478 79.06520 42.895540 2.0 435
149.01 7.8599 886 78.08970 14.557920 4.1 890
150.01 3.5591 721 67.00520 8.408848 3.4 939
150.02 5.0711 733 76.83370 28.573780 3.7 625
151.01 2.6612 1200 65.82790 13.447390 4.6 823
152.01 8.5892 2624 91.74380 52.091190 4.9 497
152.02 6.7876 694 66.61920 27.404150 2.5 616
152.03 5.0646 586 69.62570 13.484000 2.4 782
153.01 2.7092 912 72.71360 8.925031 3.2 708
153.02 2.5456 734 61.54750 4.753978 3.1 870
155.01 4.5785 675 70.41590 5.660629 3.8 1164
156.01 2.4887 510 76.03630 8.041440 1.9 642
156.02 2.4671 304 78.36020 5.188560 1.6 743
156.03 2.8987 1311 75.70450 11.776179 2.8 567
157.01 4.6051 697 71.17680 13.024950 3.0 751
157.02 5.5677 898 81.45490 22.686960 3.5 625
157.03 4.3105 1246 87.16040 31.995410 4.2 558
157.04 6.3817 483 158.03280 46.688720 2.2 491
157.05 9.7575 1031 220.28800 118.377200 3.2 361
157.06 4.1041 274 71.50620 10.303900 1.7 811
159.01 4.1073 439 69.73590 8.990930 3.1 963
161.01 1.9363 827 66.21002 3.105501 5.3 1306
162.01 4.6255 650 75.20790 14.006560 2.6 733
163.01 3.3145 603 72.75430 11.119780 2.8 756
165.01 2.7694 844 72.56440 13.222160 1.9 541
166.01 2.4622 649 71.46190 12.493340 3.7 796
167.01 4.2389 382 67.60200 4.919592 1.8 1072
168.01 6.1290 330 66.27610 10.743560 3.7 1112
168.02 5.7377 74 70.38900 5.091800 1.9 1427
168.03 4.7708 90 71.31700 7.106640 2.0 1280
171.01 3.6443 450 70.15490 5.968839 2.5 1125
172.01 4.9815 540 70.83610 13.722880 1.6 598
173.01 4.4592 388 71.96550 10.060920 1.9 808
174.01 3.3658 977 77.84170 56.350900 2.5 355
176.01 6.5324 366 67.51410 30.230300 2.2 630
177.01 4.8343 259 76.60660 21.059960 1.9 664
179.01 10.2799 896 75.80020 20.740070 3.3 681
180.01 3.2069 577 62.09190 10.045600 1.8 731
183.01 2.6997 16999 66.35411 2.684327 9.9 1113
186.01 3.0609 16081 66.66821 3.243262 11.5 1156
187.01 5.3569 23230 84.52867 30.882520 11.6 499
188.01 2.2281 13737 66.50790 3.797020 8.0 859
189.01 6.0251 20886 81.09127 30.360407 12.6 461
190.01 4.4351 10616 72.30197 12.265011 16.3 843
191.01 4.1332 14205 65.38412 15.358776 11.6 666
191.02 2.1206 626 65.50520 2.418402 2.8 1226
191.03 1.4863 193 66.36620 0.708622 1.4 1839
191.04 5.3874 244 77.73000 19.324500 1.5 617
192.01 4.2999 9274 70.02102 10.291006 9.9 855
193.01 5.0147 19422 90.34941 37.590346 14.2 548
194.01 2.0031 15099 72.46531 3.120831 12.0 1133
195.01 2.1873 13626 66.63100 3.217524 11.9 1165
196.01 2.2855 9994 70.18042 1.855556 10.0 1377
197.01 4.2447 9974 66.83869 17.276276 10.3 615
199.01 3.4738 9788 70.48111 3.268693 8.7 1216
200.01 2.8848 7827 67.34424 7.340736 6.9 810
201.01 2.8358 5581 70.55980 4.225386 7.8 1064
202.01 1.9597 9499 66.02029 1.720862 11.5 1559
203.01 2.2791 19438 65.79282 1.485711 13.8 1518
204.01 3.0172 6631 66.37805 3.246737 7.9 1098
205.01 3.0463 9293 75.17334 11.720115 8.3 647
206.01 6.2693 4617 64.98094 5.334076 8.0 1102
208.01 3.2881 8559 67.71100 3.003850 8.5 1229
209.01 10.8828 5394 68.63350 50.789740 7.6 522
209.02 7.1448 2166 78.82250 18.795670 4.9 728
211.01 4.8294 7210 69.01410 372.108400 9.6 273
212.01 3.5920 4757 72.23136 5.695840 6.5 977
214.01 1.4852 5359 64.74221 3.311862 12.1 1119
216.01 3.6988 4986 74.20810 20.172130 8.2 635
217.01 2.8377 20621 66.41389 3.905089 10.4 935
219.01 5.3499 2948 65.46923 8.025085 3.8 710
220.01 2.5693 1763 65.93893 2.422091 2.6 987
220.02 2.8695 100 66.63880 4.125150 0.7 822
221.01 2.6291 3689 65.44215 3.413042 4.4 935
222.01 2.8034 1203 65.65720 6.312382 2.1 613
222.02 3.2313 821 63.77280 12.793970 1.7 482
223.01 1.5125 1039 67.47700 3.177431 2.7 964
223.02 4.0259 913 80.03340 41.008400 2.4 410
225.01 1.2452 2371 74.53700 0.838598 4.9 1903
226.01 3.0258 712 71.10910 8.308900 1.6 595
227.01 4.6968 1202 69.56620 17.660760 2.9 440
229.01 2.9170 2817 67.93353 3.573200 6.0 1207
232.01 4.9765 2080 67.00465 12.465891 3.6 694
232.02 3.7903 326 67.01790 5.766070 1.6 897
234.01 4.5866 717 65.18320 9.613910 3.5 897
235.01 2.0142 609 66.81750 5.632479 1.8 781
237.01 3.4487 554 67.78590 8.508270 2.3 834
238.01 4.4245 435 68.09350 17.232170 2.5 742
239.01 2.8293 1270 71.55560 5.640649 3.9 1003
240.01 4.2286 1218 71.61460 4.286837 3.1 1063
241.01 3.5173 760 64.79330 13.821450 1.7 516
242.01 5.7720 3636 71.34318 7.258477 5.7 850
244.01 2.8876 1084 111.52718 12.720359 4.5 865
244.02 3.5837 364 104.70620 6.238550 2.6 1101
245.01 4.7135 530 108.23900 39.794540 2.1 482
246.01 3.4381 261 106.85727 5.398753 1.9 1032
247.01 2.0575 921 114.12340 13.815240 2.1 437
248.01 2.5695 1662 103.28850 7.203494 2.9 584
248.02 2.0752 1242 102.83870 10.914010 2.5 509
248.03 1.6378 704 105.12780 2.576536 2.0 825
249.01 1.8415 1636 108.75705 9.549259 3.1 519
250.01 2.8200 2633 103.40240 12.282356 3.6 491
250.02 2.1205 1854 82.88150 17.252040 3.6 438
250.03 1.9814 316 69.25980 3.543871 1.3 744
251.01 1.8489 2159 104.08747 4.164371 2.9 653
252.01 3.5652 1892 103.50120 17.604390 2.7 406
253.01 1.7694 1989 103.60190 6.383240 2.9 592
254.01 1.9011 36662 103.82108 2.455239 13.0 824
255.01 4.1157 2266 122.82560 27.521560 3.6 388
256.01 1.2273 15751 102.77735 1.378681 14.8 1160
257.01 2.3916 474 105.66210 6.883344 4.0 1230
258.01 5.2610 920 105.49420 4.157642 4.5 1449
260.01 4.5271 87 105.78600 10.495770 1.2 919
260.02 10.7302 298 178.04230 100.279370 2.2 434
261.01 3.8752 638 104.02060 16.238440 5.6 929
262.01 4.1589 102 105.62570 7.812790 1.6 1106
263.01 4.1456 152 117.73310 20.718300 1.5 682
265.01 3.1809 81 102.74770 3.567971 1.1 1303
268.01 12.0373 448 108.92770 110.374200 1.8 295
269.01 6.1397 82 118.09930 18.011360 1.7 918
270.01 5.9033 97 108.03300 12.580840 0.9 735
270.02 8.3939 128 95.04400 33.672050 1.0 529
271.01 6.9832 287 105.55010 48.629200 2.0 520
271.02 6.9360 311 142.07210 29.392920 1.8 615
273.01 1.8180 259 108.06670 10.573667 1.1 655
274.01 4.5111 56 108.92640 15.091240 1.1 805
275.01 7.0060 144 109.82370 15.791420 1.2 717
276.01 4.6992 395 143.40060 41.745230 2.6 569
277.01 7.6827 388 104.68040 16.236750 2.1 723
279.01 8.0747 1262 109.70148 28.455570 4.9 708
279.02 6.4306 196 69.94180 15.413040 2.1 868
280.01 2.5779 314 113.89515 11.872860 3.1 1018
281.01 8.0749 262 122.04030 19.556870 3.7 930
282.01 5.8542 597 115.10370 27.508820 2.8 620
282.02 3.2310 67 72.06880 8.457350 0.9 919
283.01 3.3342 424 103.59990 16.091730 4.7 930
284.01 2.7486 159 112.42300 18.011090 2.5 859
284.02 3.4231 99 102.63420 6.415080 2.0 1211
284.03 3.2542 98 101.86170 6.178240 1.9 1228
285.01 5.8394 374 112.28110 13.748720 2.1 757
288.01 6.2875 186 110.27110 10.275400 1.5 878
289.01 7.8380 417 124.99490 26.629070 2.0 604
291.01 7.3578 312 118.15450 31.516050 1.5 495
291.02 2.1775 129 67.10340 8.129930 1.0 780
292.01 2.2814 202 104.84150 2.586650 2.0 1478
294.01 5.5281 389 126.03470 34.436100 2.2 565
295.01 2.8818 255 104.87690 5.317406 2.0 1088
296.01 5.2805 403 111.48630 28.860500 2.4 619
297.01 2.9110 113 105.27450 5.651890 1.8 1192
298.01 2.6557 239 111.30800 19.963430 1.7 610
299.01 1.9962 287 103.54280 1.541677 3.6 2002
301.01 3.8551 169 104.71600 6.002450 1.6 1142
302.01 8.6779 497 106.99650 24.854670 3.8 873
303.01 6.3927 702 106.36430 60.929830 2.9 426
304.01 2.6128 556 107.90950 8.511982 5.0 1199
305.01 2.3541 383 104.83970 4.603576 2.5 963
306.01 2.9825 507 111.36580 24.307700 3.6 657
307.01 3.6490 206 109.26860 19.674450 1.7 736
308.01 6.3242 695 120.54410 35.590610 4.7 699
312.01 2.7215 181 108.58600 11.578980 1.6 867
313.01 3.1424 504 110.63530 18.735640 3.1 651
313.02 3.2232 295 112.88790 8.436280 2.2 852
314.01 2.4517 688 110.85200 13.781050 1.9 446
314.02 2.0157 514 103.99940 23.090400 1.6 376
315.01 4.3681 902 121.97960 35.591700 4.8 526
316.01 5.0479 483 117.90110 15.771350 2.8 750
317.01 7.2681 393 139.36310 22.207670 3.7 918
318.01 10.3373 1185 107.83030 38.584390 4.4 671
319.01 5.3951 1653 109.62540 46.151150 4.3 508
321.01 2.5947 160 103.45510 2.426307 0.9 1068
323.01 3.3770 545 102.85090 5.836740 2.9 1051
326.01 2.9995 820 104.03450 8.972970 0.9 332
327.01 2.9306 135 105.66210 3.254241 1.3 1304
330.01 5.2342 259 107.53280 7.973980 2.5 1021
331.01 6.3739 327 103.83030 18.684160 1.1 494
332.01 3.8993 204 105.08850 5.458491 1.1 841
333.01 6.0214 318 102.86420 13.284680 1.9 843
335.01 7.4741 703 129.31090 46.566230 4.3 674
337.01 5.3936 298 110.71550 19.784040 1.6 636
338.01 2.9400 270 107.57770 7.010480 2.3 940
339.01 2.4238 263 103.13930 1.980349 1.5 1319
339.02 3.1373 154 71.33850 6.416810 1.1 884
340.01 14.2340 19737 93.62220 23.673780 30.4 862
341.01 2.9799 733 109.66480 7.170680 3.3 949
341.02 2.7109 276 110.61230 4.699750 2.3 1091
343.01 3.3150 437 103.33640 4.761660 2.2 1065
343.02 2.4768 216 103.49630 2.024138 1.6 1421
344.01 5.8847 1026 104.33540 39.309500 4.0 564
345.01 4.8165 1148 106.18890 29.885690 5.8 592
346.01 2.7973 911 103.77970 12.924630 3.4 684
348.01 4.6221 1740 120.36340 28.511090 5.3 549
349.01 2.3194 536 103.45570 14.386660 2.8 772
350.01 2.5804 366 110.21990 12.991920 2.5 810
351.01 14.4207 7703 73.47530 331.645700 8.5 266
351.02 11.9806 3909 80.09800 210.452600 6.0 309
351.03 8.0060 424 91.95180 59.738900 1.9 471
352.01 4.4932 362 124.80390 27.082680 2.4 621
353.01 7.0683 3400 109.52990 152.101100 8.2 417
354.01 4.5028 436 104.51980 15.959990 4.9 1034
355.01 2.8403 280 105.89660 4.903454 2.0 1115
356.01 2.1029 1101 103.52521 1.827079 5.8 1655
360.01 4.5515 138 104.58130 5.940420 1.3 1075
361.01 2.5126 176 104.27410 3.247565 1.3 1132
364.01 4.5649 415 156.90820 173.900000 2.6 313
365.01 6.6552 588 144.67780 81.737800 2.3 363
366.01 4.9911 3513 140.71420 75.111900 10.2 586
367.01 2.8404 2090 110.20526 31.578670 5.7 646
368.01 12.7602 6753 130.36472 110.321480 17.4 742
369.01 1.8748 132 107.42650 5.885210 1.3 1073
370.01 9.7635 321 136.65010 42.882100 4.9 810
371.01 10.1954 1108 177.07530 278.000000 60.1 400
372.01 9.1846 7643 186.34900 125.612500 8.5 344
373.01 8.7090 597 123.92630 135.193700 3.5 400
374.01 11.2542 595 169.95970 172.673500 3.3 365
375.01 7.0221 4696 172.22424 220.000000 8.8 300
377.01 4.5242 6938 115.66381 19.258320 5.7 553
377.02 5.0267 6240 108.40110 38.911600 6.2 438
377.03 1.7745 225 115.09240 1.592928 1.0 1264
379.01 2.5183 251 103.99550 6.717430 3.1 1267
384.01 5.0735 176 107.43330 5.079770 2.0 1143
385.01 3.4446 269 107.83730 13.146130 1.8 743
386.01 5.3012 845 106.90500 31.158470 3.4 623
386.02 5.9833 660 133.67020 76.735000 2.9 461
387.01 3.3365 941 115.86460 13.899520 2.5 534
388.01 5.3710 267 102.54960 6.149740 0.6 925
392.01 7.3677 216 104.31600 33.420500 1.9 614
393.01 6.7617 229 109.25560 21.415860 1.2 578
398.01 4.7975 8729 103.08500 51.845810 8.6 403
398.02 2.4429 1571 106.71830 4.180054 3.5 932
398.03 1.7407 453 66.81880 1.729364 1.9 1246
401.01 5.3596 1986 118.44150 29.198590 6.2 629
401.02 6.2359 1411 184.28680 160.011200 6.6 357
403.01 1.5859 1206 104.13050 21.056900 39.7 637
408.01 3.1757 1369 106.07280 7.381987 3.6 889
408.02 3.7260 801 99.79510 12.560930 2.9 741
408.03 5.0363 676 85.99890 30.828690 2.6 550
409.01 4.3307 582 112.52530 13.248740 1.4 545
410.01 1.8788 3744 109.28616 7.216812 12.4 1009
412.01 3.0251 3335 103.32514 4.147024 7.3 1211
413.01 2.6270 943 109.55820 15.229260 2.8 619
415.01 7.0021 4456 178.14120 166.787900 7.7 352
416.01 3.7319 1516 118.84130 18.208110 2.9 536
416.02 4.0059 1053 86.78000 88.254700 2.8 317
417.01 2.4571 6216 109.96607 19.193112 9.0 608
418.01 4.8665 11258 105.79613 22.418338 12.7 580
419.01 2.7205 7097 122.38996 20.131460 7.5 573
420.01 2.2582 2490 107.08404 6.010401 4.3 763
421.01 2.6993 16119 105.81931 4.454207 14.5 1068
422.01 9.0034 16242 183.63055 200.000000 16.5 333
423.01 6.0128 8420 135.85600 21.087391 9.6 685
425.01 1.5268 11348 102.75274 5.428352 13.2 967
426.01 3.4978 836 105.15050 16.300890 3.5 773
427.01 2.9072 1670 124.73640 24.615700 4.6 554
428.01 6.8663 3529 105.51811 6.873163 5.6 959
429.01 4.0370 2667 105.52804 8.600087 4.8 760
430.01 2.7448 1585 112.40410 12.376450 2.7 493
431.01 3.1580 1039 111.71220 18.869980 3.6 622
431.02 3.8717 768 87.30730 46.901980 3.5 460
432.01 2.1018 959 107.35008 5.263436 3.6 1049
433.01 2.8751 2730 104.09249 4.030420 5.8 1076
433.02 11.7758 12016 132.20290 328.240300 13.4 249
435.01 5.4169 1436 111.94830 20.549020 3.0 579
438.01 2.3764 866 107.79560 5.931204 2.2 668
439.01 2.1891 2065 103.44904 1.902206 2.7 1014
440.01 4.0463 907 110.93130 15.906550 2.8 576
440.02 1.6038 689 103.88610 4.973444 2.2 850
442.01 4.4306 392 104.68320 13.539810 1.9 722
442.02 2.3333 173 67.53160 1.732341 1.4 1425
443.01 4.7403 686 113.04590 16.217180 2.2 631
444.01 4.0665 432 110.31740 11.722800 2.0 763
446.01 2.7087 790 107.75390 16.709160 2.3 490
446.02 3.7173 561 118.47220 28.553200 1.7 411
448.01 2.8620 1164 111.44910 10.139610 2.3 564
448.02 5.0051 2158 127.46250 43.620500 3.8 346
452.01 5.0013 422 102.94170 3.705996 2.3 1242
454.01 4.6580 766 103.55460 29.008000 2.4 487
456.01 4.2628 1007 104.47390 13.700350 3.1 714
456.02 2.9208 222 67.02650 4.309540 1.7 1047
457.01 1.8924 684 107.29850 4.921331 2.2 799
458.01 4.0333 3084 141.07750 53.718580 10.5 515
459.01 3.5933 899 103.10270 19.446390 3.7 664
459.02 3.3100 145 67.11910 6.919770 1.3 939
460.01 4.2947 1332 109.07510 17.587820 4.3 696
463.01 2.2233 2610 118.26580 18.478170 3.5 398
464.01 6.3270 5126 129.55353 58.362500 7.1 430
464.02 2.2822 668 128.75760 5.350243 2.7 953
465.01 7.8994 1483 137.02020 350.000000 4.8 266
466.01 2.1253 2512 103.53919 9.391009 3.1 679
467.01 4.8878 2916 115.44280 18.008910 5.0 636
468.01 3.2229 1426 107.59570 22.184520 3.5 538
469.01 1.5075 2258 107.60632 10.329116 5.5 782
470.01 1.9936 2270 104.15067 3.750839 4.0 997
471.01 3.6749 465 104.73170 21.347370 2.0 551
472.01 3.4034 1349 106.56270 4.243748 3.2 1023
473.01 2.3654 815 113.63590 12.705120 2.2 629
474.01 3.1718 493 109.72000 10.945640 2.3 863
474.02 3.3543 412 67.77390 28.988430 2.3 625
475.01 2.5576 697 109.70000 8.180660 2.4 740
475.02 2.8820 818 104.79060 15.313410 2.6 602
476.01 2.9423 685 111.43860 18.427760 2.4 567
477.01 3.7966 760 102.64280 16.543180 2.6 593
478.01 1.7873 1759 104.11480 11.023452 4.5 522
479.01 5.3442 1019 126.38700 34.189660 3.2 518
480.01 2.0071 678 105.30890 4.301702 2.7 985
481.01 2.7127 910 104.96900 7.650377 2.5 738
481.02 1.6900 388 102.82910 1.554014 1.7 1253
481.03 4.8919 962 116.22800 34.260300 3.0 450
483.01 3.0292 762 106.25640 4.798596 2.3 866
484.01 3.6637 968 108.05900 17.205160 2.0 509
486.01 5.1182 625 102.49490 22.183100 1.4 454
487.01 3.0191 602 106.04240 7.658670 2.4 837
488.01 3.3557 433 109.44700 9.379240 2.2 797
490.01 2.3764 382 105.86950 4.393120 2.3 932
490.03 2.8056 360 67.06850 7.406300 2.2 784
492.01 6.3675 819 127.70910 29.911510 3.7 607
494.01 3.7520 957 121.78390 25.697190 1.8 388
496.01 1.5390 376 102.80450 1.616844 2.7 1514
497.01 4.9474 516 108.61030 13.192810 2.5 785
497.02 3.6013 148 67.55720 4.425500 1.7 1135
499.01 2.4759 373 107.53640 9.668560 2.0 750
500.01 2.5052 1343 109.47660 7.053478 2.7 642
500.02 2.4154 1306 110.48010 9.521700 2.8 584
500.03 2.0724 400 67.02500 3.072166 1.5 849
500.04 2.0486 490 67.59140 4.645353 2.1 743
500.05 1.4084 266 66.17080 0.986779 1.2 1235
501.01 7.9692 451 103.33820 24.794000 2.1 580
503.01 2.6971 1303 105.95570 8.222360 2.5 575
504.01 5.3925 626 132.25600 40.606800 1.7 411
505.01 2.9555 594 107.80900 13.767250 3.1 734
506.01 1.1470 670 102.96485 1.583162 2.5 1468
507.01 3.5887 1454 106.49760 18.492480 4.3 619
508.01 3.5907 685 102.51530 7.930590 3.8 965
508.02 4.0833 645 113.20530 16.665190 3.5 754
509.01 2.7553 789 102.71290 4.167068 2.7 988
509.02 2.7152 840 70.38270 11.463490 2.9 705
510.01 2.7078 410 102.89920 2.940409 2.7 1208
510.02 3.1918 492 108.47320 6.389140 2.7 938
511.01 3.2069 596 103.50310 8.005730 2.8 936
512.01 3.3326 474 105.92100 6.509800 2.6 985
513.01 7.0369 800 103.09880 35.180590 2.7 563
517.01 2.0898 694 104.25880 2.752360 3.6 1343
518.01 3.0039 927 114.97450 13.981720 2.4 567
518.02 5.0627 525 143.76330 43.998500 1.9 387
519.01 4.1728 545 111.33840 11.903760 2.4 768
520.01 3.4450 816 103.30460 12.759900 3.1 668
520.02 2.3531 260 71.36790 5.433160 2.0 884
520.03 2.7291 668 69.46110 25.751250 2.8 528
521.01 3.0740 1200 105.00120 10.161040 3.9 868
522.01 2.8393 1042 102.94280 12.830120 1.9 580
523.01 4.8395 3125 131.23010 49.412970 7.3 519
523.02 7.2861 586 71.92940 36.853900 2.7 573
524.01 2.3748 923 105.00220 4.592522 2.3 838
525.01 2.1406 1110 106.67830 11.532190 4.3 850
526.01 1.7639 853 104.04377 2.104719 2.6 1203
528.01 3.3634 648 109.68020 9.576760 3.1 855
528.02 6.0786 886 73.19590 96.670400 3.4 396
528.03 2.4763 662 78.02870 20.552730 3.2 664
530.01 2.1729 522 103.30250 10.940620 1.3 619
531.01 1.3319 2593 103.88016 3.687462 4.3 749
532.01 3.1402 579 106.69640 4.221737 2.3 1089
533.01 4.2317 609 104.70240 16.549150 2.6 641
534.01 1.8349 693 107.02340 6.400136 2.0 706
534.02 1.8465 384 104.09670 2.735879 1.4 936
535.01 4.5283 1014 104.18110 5.852997 3.3 1011
536.01 7.5537 1126 111.59340 162.336100 3.0 296
537.01 2.4773 413 103.78590 2.820204 1.4 1003
538.01 5.3723 607 104.65690 21.214700 2.9 683
541.01 3.4665 521 113.35050 13.645910 1.9 603
542.01 5.8419 543 111.68730 41.886700 2.7 526
543.01 1.9101 694 106.43630 4.302187 1.9 844
543.02 1.8077 304 66.55660 3.137846 1.5 932
546.01 6.2656 776 103.18840 20.684570 2.8 673
547.01 4.4977 2050 121.05900 25.302980 3.5 489
548.01 4.0011 583 122.70620 21.300560 2.6 654
550.01 4.1038 539 111.52330 13.023710 1.8 660
551.01 3.2954 564 111.84490 11.636840 2.1 688
551.02 2.1328 406 66.95440 5.688042 1.8 871
552.01 1.7536 7064 104.09836 3.055172 11.2 1316
554.01 2.2625 3255 103.54360 3.658495 6.1 1068
555.01 2.4562 227 105.44520 3.701780 1.5 947
555.02 6.8853 807 114.88600 86.495800 2.3 331
557.01 3.7725 827 103.78450 15.655540 3.1 636
558.01 2.1952 694 106.08590 9.178920 2.3 730
559.01 2.4524 197 106.70500 4.330650 1.4 981
560.01 4.2117 813 112.27150 23.675800 1.8 445
561.01 2.5786 451 102.60830 5.379017 2.1 829
563.01 5.4260 249 108.63550 15.283680 1.8 734
564.01 7.4094 579 104.89160 21.058210 2.4 619
564.02 13.5324 2840 179.49500 127.887200 5.0 340
566.01 4.0033 632 125.57360 25.854800 2.3 586
567.01 3.3311 703 102.92930 10.687820 2.9 758
567.02 4.4409 463 109.80040 20.303200 2.3 612
567.03 3.4536 567 131.36350 29.023560 2.2 543
568.01 1.3950 254 102.64000 3.383517 1.0 856
569.01 2.7713 528 118.44040 20.728040 2.1 540
571.01 2.2027 647 107.31600 7.267330 1.7 563
571.02 2.6903 817 109.90000 13.343310 2.0 461
571.03 1.8168 500 66.33150 3.886758 1.8 692
572.01 5.2873 356 112.77400 10.640500 2.4 882
573.01 3.1200 646 105.50320 5.996600 3.2 1054
573.02 2.0590 211 66.20190 2.061872 2.1 1491
574.01 3.4080 1030 104.36610 20.135040 2.4 507
575.01 4.1934 519 116.40440 24.317800 2.6 640
577.01 5.2888 461 111.55000 39.672900 2.6 502
578.01 5.1938 1081 102.87940 6.412547 3.8 1035
579.01 1.8672 294 103.06980 2.020003 1.5 1154
580.01 2.7903 685 108.70930 6.521250 1.5 716
581.01 2.6717 1111 108.91440 6.996895 2.1 714
582.01 2.5505 778 103.46870 5.945053 2.2 783
583.01 3.1312 227 103.73920 2.436893 1.6 1266
584.01 3.7109 663 108.68850 9.926500 1.6 633
584.02 4.4730 509 103.37280 21.223430 1.5 492
585.01 1.9189 754 104.55800 3.722176 2.0 932
586.01 3.7971 526 108.97540 15.779160 2.1 630
587.01 3.4973 752 104.60190 14.035130 3.0 672
588.01 2.6497 548 108.68710 10.355470 2.2 619
589.01 4.2971 174 119.53560 17.480800 1.2 637
590.01 3.7243 380 107.54610 11.389330 2.1 809
590.02 5.8287 567 74.32510 50.696200 2.2 492
592.01 4.7864 440 108.48150 39.752100 2.7 550
593.01 3.2745 483 104.78890 9.997570 2.1 760
596.01 1.3419 635 103.45080 1.682706 1.7 864
597.01 4.8348 470 109.94010 17.308190 2.6 724
597.02 2.6017 169 66.07220 2.092181 1.4 1464
598.01 2.9641 707 104.16660 8.308110 1.7 644
599.01 2.4207 535 106.20910 6.454690 2.3 935
600.01 2.5733 357 103.36350 3.595940 2.1 1213
601.01 2.5206 760 105.18470 5.404250 1.7 974
602.01 5.2372 410 110.27390 12.914080 2.3 831
605.01 1.7663 903 102.71780 2.628144 1.6 782
607.01 1.5864 6124 106.48563 5.894028 6.8 871
609.01 1.8343 3942 105.02800 4.396913 12.0 1200
610.01 2.5145 816 113.84310 14.282460 2.0 481
611.01 1.4497 4012 104.05987 3.251658 7.3 1235
612.01 3.3581 497 106.21640 20.740220 3.5 668
612.02 5.3336 736 149.55910 47.427600 3.6 507
614.01 1.8723 3556 103.02216 12.874706 4.0 587
617.01 2.9128 6471 131.59768 37.865370 17.8 499
618.01 2.6232 947 111.34740 9.070710 3.2 790
620.01 5.8762 5914 92.10770 45.154160 7.2 486
622.01 8.9133 4310 146.49690 155.046700 9.3 327
623.01 4.2819 98 107.06440 10.349600 2.0 1121
623.02 5.5070 95 112.46290 15.677810 1.7 978
623.03 3.7922 68 104.47710 5.599200 1.8 1373
624.01 4.4288 849 115.44070 17.789480 2.1 565
625.01 4.4579 1158 113.44220 38.137190 15.1 828
626.01 3.9008 316 105.22170 14.586350 2.2 817
627.01 3.5631 368 109.17110 7.751930 2.9 1066
628.01 3.0462 380 108.00420 14.486120 3.1 826
629.01 6.7051 353 105.56590 40.701300 3.0 669
632.01 3.1532 246 104.22000 7.238480 1.2 761
633.01 10.3584 657 103.60910 161.468200 5.4 428
635.01 3.4572 555 104.40130 16.719850 2.7 762
638.01 5.2480 1057 105.65730 23.635910 4.8 682
638.02 7.1418 1147 79.56630 67.093600 4.1 482
639.01 5.6758 389 115.24330 17.979840 2.1 747
640.01 3.1182 626 124.78430 30.996650 2.9 533
641.01 3.3757 1080 110.99920 14.851980 3.2 535
644.01 7.3023 22486 173.59859 45.977503 35.3 698
645.01 2.8982 169 103.86370 8.503650 2.6 1124
645.02 7.6570 193 112.74240 23.784700 2.5 797
647.01 4.6876 172 103.31850 5.169230 1.8 1168
649.01 8.1220 226 115.92580 23.449420 2.0 727
650.01 2.3266 797 111.72150 11.954580 3.8 728
652.01 2.9306 2957 115.75856 16.080750 3.0 459
654.01 2.9044 302 104.63520 8.594490 2.9 1013
655.01 5.6200 368 125.09720 25.672340 2.1 674
657.01 2.0229 490 104.01830 4.069378 1.6 798
657.02 2.8468 736 113.79630 16.282670 1.9 504
658.01 1.9455 460 102.64220 3.162668 1.5 1162
658.02 2.0263 439 105.23670 5.370662 2.2 975
659.01 4.2939 268 113.76190 23.205600 2.5 818
660.01 6.7029 224 103.58440 6.079770 2.2 1077
661.01 3.4869 321 107.98340 14.401350 2.1 776
662.01 5.5389 208 103.70940 10.213620 1.5 875
663.01 1.8327 486 103.84688 2.755602 1.9 846
663.02 2.8399 593 105.65430 20.307080 1.7 436
664.01 4.6566 186 103.22800 13.137550 2.1 863
665.01 4.0178 390 103.32580 5.867973 2.3 1066
665.02 3.1579 82 66.56640 1.611912 1.2 1636
665.03 3.7875 69 66.30050 3.071540 0.8 1320
666.01 3.9017 567 107.13380 22.248440 2.0 570
667.01 2.7220 9374 103.45173 4.305252 6.5 711
670.01 3.2407 232 104.92600 9.490060 2.1 883
671.01 3.2752 140 103.74110 4.228750 1.4 1126
672.01 3.0784 510 105.81160 16.088220 4.0 821
672.02 5.8817 890 86.84260 41.749000 4.5 598
673.01 3.0279 228 103.79040 4.417480 1.8 1303
674.01 9.4755 1484 110.91920 16.338860 11.3 959
676.01 2.8769 2841 104.58260 7.972513 4.5 598
676.02 1.7470 1561 103.89340 2.453224 2.9 894
678.01 2.7421 104 105.59000 6.040970 1.7 1028
679.01 8.1270 283 123.24860 31.804900 1.8 598
680.01 8.9336 4046 110.64238 8.600116 7.6 989
682.01 9.9203 4548 118.99358 164.000000 4.9 307
683.01 4.4673 2146 110.51860 278.123200 4.2 239
684.01 1.8215 732 105.25680 4.034923 8.3 1414
685.01 3.4760 263 103.92610 3.173885 2.8 1570
686.01 3.0231 13473 104.67404 52.513492 11.3 442
687.01 2.1209 263 104.98300 4.178530 1.7 1060
688.01 2.9239 249 103.25350 3.275814 2.5 1465
689.01 3.5876 536 115.39800 15.874030 2.0 622
691.01 8.3024 566 122.36610 29.667170 2.9 653
691.02 6.1582 99 77.03900 16.224500 1.3 799
692.01 1.8674 159 104.84120 2.462367 0.8 1004
693.01 7.3509 286 126.31070 28.778400 1.8 611
693.02 7.0385 296 79.35470 15.660020 1.7 750
694.01 4.8698 762 117.24450 17.421540 1.7 530
695.01 4.9238 521 108.29300 29.906530 3.1 643
697.01 3.6358 442 104.73240 3.032186 4.0 1601
698.01 2.4663 7188 105.99432 12.718733 12.0 748
700.01 2.9694 520 105.93480 30.864360 3.1 588
700.02 3.2972 194 104.95880 9.361270 1.9 875
701.01 2.9877 847 113.81080 18.164280 2.2 496
701.02 2.3257 379 103.91870 5.714973 1.5 728
701.03 6.8714 642 83.39800 122.389400 1.7 262
703.01 1.6971 124 102.95280 1.368600 1.7 1866
704.01 2.5400 459 118.13000 18.397140 1.7 619
707.01 7.8208 624 122.63100 21.776540 3.4 745
707.02 9.8121 365 105.58170 41.031500 2.6 604
707.03 8.5541 344 68.86870 31.784500 2.5 658
707.04 6.4886 227 76.68030 13.175350 2.2 884
708.01 6.7713 484 104.00340 17.406960 2.2 703
708.02 4.9436 248 109.51270 7.693150 1.7 924
709.01 3.7885 567 111.79100 21.384180 2.2 588
710.01 3.9341 129 103.93260 5.375030 1.7 1320
711.01 6.1018 724 107.82570 44.698700 2.7 486
711.02 3.1710 169 68.43760 3.619344 1.3 1118
711.03 9.8334 631 187.18030 124.522900 2.6 345
712.01 1.9895 122 104.23000 2.178191 0.8 1101
714.01 2.2176 794 105.78778 4.182017 2.2 929
716.01 2.2744 2012 112.95307 26.892910 6.3 595
717.01 3.1618 263 108.79240 14.707520 0.9 510
718.01 3.2541 338 102.85790 4.585494 1.6 964
718.02 5.7207 460 80.29340 22.714490 1.8 567
718.03 5.5414 306 74.97870 47.904200 1.5 443
719.01 1.6354 496 104.01300 9.034227 1.9 605
720.01 2.4833 1138 107.04880 5.690570 3.0 849
721.01 6.8323 190 113.64860 13.724230 2.3 942
722.01 6.9235 431 125.98940 46.408000 1.8 485
723.01 1.8098 1224 102.64790 3.936985 2.8 918
723.02 4.3932 1200 127.91600 28.082050 2.9 478
723.03 1.4752 1420 106.08310 10.088800 3.2 670
725.01 3.3669 8138 102.64470 7.305000 6.8 720
728.01 2.0043 7197 103.11774 7.189370 9.9 922
730.01 5.7701 687 109.79600 14.784500 3.1 746
730.02 5.4941 362 71.36000 9.849780 2.3 852
730.03 4.3590 316 68.13100 9.859970 2.5 852
730.04 5.2290 239 70.47500 7.384690 1.8 937
732.01 1.7619 1059 103.40840 1.260259 2.9 1424
733.01 2.6528 1419 102.71560 5.924992 2.2 683
733.02 2.9996 1062 67.31990 11.349170 1.9 551
733.03 2.1611 424 68.67470 3.132968 1.5 844
734.01 7.1431 991 120.91510 24.543690 2.4 535
735.01 4.7686 2739 104.57110 22.341010 5.0 557
736.01 3.0657 1311 110.79030 18.795230 2.6 442
736.02 3.1139 559 68.28160 6.738800 2.0 623
737.01 3.1240 2997 115.67860 14.498470 5.6 597
738.01 3.1466 1123 103.43220 10.336770 3.3 781
738.02 3.3240 860 105.04290 13.291750 2.9 719
739.01 1.4949 718 102.81780 1.287052 2.0 1058
740.01 3.1145 796 119.36440 17.672210 2.3 497
741.01 3.9182 35053 102.83287 23.355367 18.7 518
743.01 10.5338 9189 105.48890 19.403350 10.9 617
745.01 9.3456 10081 113.87230 16.470630 9.7 613
746.01 3.3082 1194 106.24760 9.273910 3.1 648
747.01 1.5804 1757 104.60420 6.029222 2.8 633
749.01 3.0377 781 104.80650 5.349518 2.0 789
749.02 2.3564 345 69.09040 3.940973 1.4 875
750.01 3.3702 908 104.52950 21.678210 2.6 458
751.01 2.0883 917 104.74000 4.996820 3.2 896
752.01 3.0592 546 103.53660 9.488510 2.7 853
752.02 4.1260 815 95.51640 54.415400 3.4 476
753.01 1.8813 6886 108.85040 19.899390 6.9 519
755.01 1.6211 608 104.59250 2.525605 2.8 1350
756.01 4.6503 1384 104.20180 11.094310 3.7 791
756.02 3.0514 637 105.97030 4.134630 2.6 1092
756.03 2.4819 213 112.54960 2.566700 1.8 1294
757.01 3.5566 4814 106.62200 16.068600 4.8 530
757.02 4.6490 2208 98.03500 41.192490 3.3 387
757.03 2.4488 774 104.30130 6.252880 2.3 729
758.01 3.4108 1181 109.35400 16.016000 3.8 663
759.01 4.8992 1579 127.13630 32.627200 3.6 495
760.01 2.0728 9215 105.25698 4.959330 9.7 982
762.01 3.7651 445 104.34550 4.498700 1.7 1013
763.01 4.9957 11640 112.40123 19.651190 13.2 700
764.01 10.3560 2472 141.93410 41.439580 5.6 500
765.01 2.2835 912 104.63020 8.354040 2.4 713
766.01 3.1048 1334 102.75210 4.125488 3.8 1144
767.01 2.6063 16217 103.96676 2.816508 14.2 1221
769.01 2.8675 634 104.89930 4.280889 2.0 946
771.01 48.1018 17923 142.03880 10389.000000 15.0 84
772.01 5.5841 4023 106.83490 61.259200 8.2 482
773.01 5.5792 638 105.81700 38.378130 2.1 477
774.01 2.8950 24627 102.97050 7.442665 15.8 939
775.01 2.8272 880 105.72400 16.385230 2.1 458
775.02 2.4216 1217 109.37460 7.877610 2.5 582
776.01 2.6154 4953 104.79264 3.728725 4.3 852
777.01 2.9867 6360 106.56480 40.418870 36.0 471
778.01 1.1499 747 103.67980 2.243340 1.9 857
779.01 6.4631 13641 110.19884 10.405935 12.8 821
780.01 1.9891 866 104.75990 2.337466 2.2 995
781.01 2.5888 2897 113.39360 11.598230 4.3 521
782.01 4.3279 2699 106.63389 6.575260 5.6 989
783.01 7.3311 2787 102.99290 7.275090 3.5 707
784.01 2.9416 1148 119.78420 19.269300 2.3 429
785.01 3.3041 863 111.74940 12.393250 2.1 620
786.01 2.3232 435 103.36000 3.689947 1.8 980
787.01 3.1631 950 104.02080 4.431061 2.9 1020
787.02 2.1124 401 66.85490 5.689520 2.2 944
788.01 3.3280 1574 109.05110 26.395300 3.2 463
790.01 2.6555 913 107.16260 8.472390 1.4 551
791.01 4.9811 5794 113.89115 12.611939 7.1 718
794.01 2.4001 369 102.67440 2.539147 2.1 1296
795.01 1.8917 1318 103.57590 6.770340 2.4 733
797.01 2.9281 5617 110.14180 10.181510 7.7 791
799.01 1.6033 1406 102.81727 1.626662 4.5 1511
800.01 3.0081 886 103.03850 2.711437 2.7 1224
800.02 3.9728 851 105.81280 7.212270 2.5 882
801.01 2.4077 7753 103.82617 1.625520 9.6 1525
802.01 2.2149 20618 114.88094 19.620402 7.3 464
804.01 3.1943 909 110.20000 9.029710 3.0 735
805.01 7.8222 17128 107.58168 10.327948 14.4 820
806.01 8.9776 9416 87.23860 143.181400 9.0 296
806.02 6.6246 18462 176.89513 60.328750 12.1 395
806.03 4.6342 1027 83.69240 29.165400 3.1 504
809.01 1.9942 15323 103.64747 1.594745 12.2 1512
810.01 2.3449 944 103.51000 4.782942 2.7 859
811.01 4.2008 2090 114.43160 20.506170 4.3 544
812.01 1.8467 1620 104.97730 3.340240 2.5 720
812.02 3.2972 1374 80.45760 20.060860 2.2 398
812.03 4.7450 1356 98.23760 46.185100 2.1 301
813.01 2.2740 8285 103.52731 3.895926 6.5 902
814.01 5.1665 867 108.45290 22.367000 1.8 456
815.01 2.9262 4547 105.63130 34.844200 10.4 502
816.01 3.4728 2224 107.99810 7.748017 4.6 882
817.01 3.1504 1145 119.21410 23.971600 2.1 370
818.01 2.4193 1491 109.34090 8.114290 3.6 591
821.01 4.3866 1138 107.00840 21.813100 3.9 623
822.01 3.0811 15030 105.18019 7.919371 11.5 783
823.01 1.4379 5028 103.22827 1.028437 8.7 1874
824.01 3.7671 17920 106.60860 15.375500 12.5 604
825.01 3.2182 779 109.95350 8.103410 2.4 671
826.01 2.9092 705 104.13400 6.365997 1.7 749
827.01 2.5968 792 107.77640 5.975690 3.1 960
829.01 4.2648 823 107.77720 18.649020 2.6 651
829.02 4.1408 371 71.78060 9.752220 1.9 807
829.03 4.5589 899 96.84160 38.559600 2.7 510
830.01 2.6064 21628 103.04717 3.525635 7.7 767
833.01 1.5895 2225 106.27530 3.951399 4.3 1012
834.01 8.1433 3244 104.37390 23.654220 4.9 564
834.02 6.4410 413 73.33220 13.233110 1.9 683
834.03 4.6117 254 67.82450 6.155420 1.4 886
834.04 3.3378 130 67.15980 2.090925 1.4 1273
835.01 2.9410 919 113.93620 11.762960 1.6 485
837.01 2.2850 815 107.66150 7.953670 1.8 625
837.02 2.3116 338 68.92180 4.144590 1.4 774
838.01 2.0055 4352 106.01160 4.859373 7.8 1066
840.01 1.9910 9578 102.94860 3.040324 10.7 1098
841.01 3.4700 2885 107.00160 15.336110 4.0 583
841.02 4.7489 4056 86.43340 31.328650 4.9 458
842.01 3.0857 1131 108.35110 12.718620 2.8 565
842.02 4.2580 1503 131.58360 36.065390 3.1 399
843.01 2.8728 2842 104.44170 4.190400 6.3 1169
844.01 3.0333 1932 104.98700 3.709881 2.8 878
845.01 5.7133 931 110.29540 16.329400 3.6 701
846.01 4.1032 24577 119.71309 27.807488 15.3 534
847.01 11.0533 3316 136.89670 80.871100 5.1 372
849.01 3.3150 670 103.93450 10.355450 2.8 750
850.01 2.7054 9550 109.52167 10.526305 8.7 704
851.01 2.7220 3674 102.97290 4.583526 5.5 989
852.01 2.9127 505 104.90440 3.761790 2.4 1086
853.01 2.7276 962 102.69470 8.203710 2.9 733
853.02 3.2261 450 76.41180 14.496790 2.1 607
854.01 4.1155 1320 134.16980 56.051700 1.9 248
855.01 5.2392 22662 128.78669 41.408460 12.5 444
856.01 5.7434 13139 105.85507 39.748970 13.1 498
857.01 2.5010 791 107.87990 5.715374 2.2 786
858.01 2.4580 5299 106.98673 13.610127 9.9 713
861.01 1.8610 314 103.81320 2.237565 1.5 1090
863.01 2.1284 752 105.14730 3.167920 2.7 1109
864.01 2.7477 1030 106.57390 4.311802 2.2 846
864.02 4.2836 705 121.08570 20.050520 1.8 509
864.03 1.4038 641 119.57890 9.767420 1.8 648
865.01 8.1358 6801 155.23700 119.021300 6.0 306
867.01 3.7401 1460 113.27740 16.085610 3.4 600
868.01 7.6456 21449 141.43120 234.000000 12.5 193
869.01 2.7105 909 107.95350 7.490000 3.2 809
869.02 4.2450 1447 134.23450 36.291100 4.3 478
870.01 2.7731 829 105.18710 5.912130 3.6 859
870.02 4.3907 987 108.68250 8.985970 3.5 751
871.01 2.1775 37608 112.42220 12.940664 10.9 531
872.01 4.3863 6150 119.68414 33.601670 7.4 456
873.01 2.2081 334 105.22430 4.347610 1.3 866
874.01 2.1926 662 102.97980 4.601803 2.2 882
875.01 2.9703 2189 103.62250 4.220936 2.2 607
876.01 1.8643 16531 104.89891 6.998077 9.2 693
877.01 2.2818 1219 103.95710 5.954870 2.5 652
877.02 2.7065 1091 114.22490 12.039570 2.3 516
878.01 4.4967 1255 106.81970 23.588790 5.2 568
880.01 4.0223 1635 127.13220 26.443020 4.9 569
880.02 6.5130 3466 107.12360 51.529910 5.8 456
880.03 2.8108 638 69.78410 5.902243 2.8 936
880.04 2.2269 228 68.07970 2.382948 2.0 1275
881.01 3.9739 1693 140.67950 21.021470 2.5 459
881.02 7.2304 2948 140.35620 226.891600 3.9 208
882.01 1.9042 23209 103.69391 1.956810 13.6 1176
883.01 2.1328 33731 103.10127 2.688900 10.0 829
884.01 2.8824 2809 110.18420 9.439536 3.0 564
884.02 3.5113 1879 111.69010 20.476870 2.7 436
884.03 2.2744 407 68.30650 3.336241 1.2 797
886.01 2.1724 1221 103.17840 8.012810 2.0 488
887.01 2.5948 573 108.34580 7.411210 2.3 867
889.01 2.6190 16292 102.99117 8.884903 11.7 754
890.01 4.2560 6795 109.62331 8.098880 7.6 878
891.01 4.9086 839 109.96760 10.006340 2.7 785
892.01 2.8869 1125 105.61610 10.371760 2.8 654
893.01 4.3828 578 105.18430 4.408450 2.6 1091
895.01 3.9799 13626 104.89360 4.409394 12.8 1093
896.01 4.0317 2405 108.56830 16.239800 3.9 578
896.02 3.0443 1216 107.04620 6.308146 2.8 789
897.01 2.1494 13798 102.88985 2.052350 12.0 1417
898.01 2.5752 1798 108.71010 9.770590 3.0 540
898.02 2.0540 1115 105.62930 5.169910 2.4 664
898.03 3.3063 1255 80.98620 20.089230 2.5 424
899.01 2.0930 791 107.32190 7.113880 1.7 510
899.02 1.8687 477 67.37090 3.306569 1.3 658
899.03 2.4349 726 80.39440 15.368130 1.7 397
900.01 3.0479 1282 105.33950 13.810010 4.3 798
901.01 1.9512 6298 109.93915 12.732557 4.4 463
902.01 6.9808 7810 169.80660 83.904200 5.7 270
903.01 4.2191 6760 106.43312 5.007341 5.6 853
904.01 1.8541 563 103.15070 2.211073 2.1 960
904.02 3.2550 1537 111.82630 27.938860 3.0 410
905.01 2.4135 1634 105.69670 5.795111 2.0 698
906.01 2.5473 803 107.13390 7.156840 2.8 759
907.01 4.1177 886 109.11700 16.513850 3.5 738
907.02 5.0796 806 123.38600 30.132400 3.4 604
907.03 2.9275 164 69.31380 4.790850 2.1 1115
908.01 3.3536 7657 104.44572 4.708326 11.4 1140
910.01 3.0648 1067 104.72400 5.392096 1.9 696
911.01 2.2475 599 104.00700 4.093609 1.7 945
912.01 2.8941 1504 104.80400 10.848470 2.6 521
913.01 3.2508 17268 102.63655 4.082276 9.1 902
914.01 3.2170 461 102.73630 3.886670 1.2 805
916.01 1.7644 1278 104.31311 3.314908 3.9 1112
917.01 2.1878 763 106.35620 6.719720 3.2 932
918.01 6.5105 14377 139.58885 39.645520 10.6 463
920.01 2.8954 1010 123.48950 21.805870 1.9 469
921.01 3.5805 1048 108.34170 10.281750 2.3 618
921.02 4.0886 1498 115.62450 18.119030 2.7 512
921.03 1.6334 317 66.27710 3.784060 1.5 860
922.01 2.7126 601 104.63770 5.154560 2.7 951
923.01 3.4256 1135 107.89930 5.743325 2.9 911
924.01 2.6522 1027 106.30840 39.476600 3.1 526
926.01 3.3262 1439 103.96400 3.166392 3.4 1154
928.01 1.8191 437 103.85880 2.494093 2.3 1208
929.01 4.1458 7116 107.63388 6.491620 9.0 998
931.01 3.2164 15642 103.67816 3.855605 8.6 948
934.01 2.9175 1532 106.00830 5.826727 3.2 889
934.02 3.3818 535 75.54300 12.412080 2.0 691
934.03 3.9208 756 80.12260 18.747110 2.4 601
935.01 5.1637 1790 113.01190 20.859870 3.6 632
935.02 6.4005 1626 74.18450 42.632900 3.2 496
935.03 8.5789 954 67.93930 87.646400 2.5 391
936.01 2.5574 2042 111.41470 9.467895 3.5 519
936.02 1.1718 672 67.53950 0.893044 2.0 1161
937.01 4.1031 905 109.57970 20.834790 2.3 530
938.01 3.2072 934 104.70150 9.946110 2.9 719
938.02 1.7854 216 66.92390 1.045600 1.3 1525
939.01 2.6119 275 103.52820 3.388069 1.6 1099
940.01 4.7016 1949 102.57300 6.104843 3.5 816
941.01 3.2620 2171 107.78620 6.581521 5.4 904
941.02 1.8622 586 103.66460 2.382649 3.4 1269
941.03 3.3174 2417 122.01880 24.664690 6.6 585
942.01 2.1136 1228 107.85850 11.515070 2.5 582
943.01 2.2705 774 104.99180 3.601425 2.2 887
944.01 2.2498 1789 103.24424 3.108254 3.9 1080
945.01 5.8083 488 121.85740 25.852900 2.0 595
945.02 7.1766 695 79.35000 40.719300 2.6 510
947.01 3.6722 1550 122.92640 28.598910 2.7 353
949.01 4.0447 1054 103.76260 12.532740 2.5 670
951.01 3.7463 2150 104.54500 13.197120 6.0 702
952.01 2.1831 1513 104.40750 5.901255 2.3 575
952.02 2.2980 1271 103.63080 8.752460 2.3 504
952.03 3.1143 1749 88.20770 22.780330 2.4 365
952.04 1.6236 355 66.61180 2.896029 1.1 730
953.01 2.7191 2545 103.42740 3.584109 4.4 1045
954.01 2.9184 735 107.52030 8.115220 2.3 792
954.02 4.7151 851 107.21890 36.925400 2.5 479
955.01 3.9934 510 108.72690 7.039180 2.3 975
956.01 2.8217 2027 108.64570 8.360770 5.1 746
960.01 6.1820 37221 110.15256 15.801109 13.9 555
961.01 0.5391 1483 103.48288 1.213772 3.9 1106
961.02 0.5518 1181 66.86865 0.453288 14.4 1524
961.03 0.7135 905 66.79180 1.865113 10.7 964
972.01 4.5448 328 194.53889 13.118925 5.3 1540
974.01 10.3158 151 105.98060 53.506700 1.5 542
975.01 3.4387 64 193.83690 2.785755 1.1 1404
976.01 5.7336 22147 117.97100 52.568620 27.5 757
977.01 3.5914 1053 194.43720 1.353659 0.8 628
981.01 3.0023 96 194.72600 3.999420 5.9 1928
984.01 2.8947 661 195.04620 4.288990 4.4 1358
986.01 3.1093 509 193.86550 8.187580 1.3 626
987.01 1.0682 162 194.84130 3.179301 1.3 1041
988.01 3.1800 744 201.02040 10.381430 6.3 947
991.01 2.3459 275 71.22510 12.062080 3.2 981
992.01 3.9772 383 69.45050 9.931670 1.6 735
993.01 3.3032 374 77.32780 21.852420 1.4 519
994.01 2.1635 195 65.86490 4.298890 1.5 1032
998.01 5.2630 85277 147.03869 161.788010 25.0 308
999.01 4.0767 1126 79.15040 16.568150 2.9 583
1001.01 12.8302 125 68.32100 20.402400 2.6 1006
1002.01 1.8181 143 65.98650 3.481678 1.0 842
1003.01 7.3074 22962 105.26510 8.360619 14.1 766
1005.01 8.5483 4547 130.03170 35.618420 6.5 469
1010.01 18.1142 210 78.95300 110.645000 2.7 506
1013.01 0.7714 794 66.66100 0.518750 1.6 1641
1014.01 3.1358 1324 75.35480 17.317310 2.7 502
1015.01 4.4039 509 73.10920 9.428690 2.4 921
1015.02 3.3973 139 68.75200 4.089090 1.6 1218
1017.01 4.1116 683 74.67600 17.445290 3.0 659
1019.01 2.5586 36 68.32000 2.496770 1.2 1364
1020.01 6.3051 9573 97.06991 54.356110 21.9 580
1022.01 4.6376 924 129.18320 18.827780 2.8 612
1024.01 1.8696 721 66.29820 5.747732 1.7 635
1026.01 18.9471 667 118.03900 94.102300 1.8 242
1029.01 5.5950 615 66.87100 32.311300 2.5 558
1030.01 2.8480 385 71.43100 9.229780 1.8 799
1031.01 6.1479 280 68.97800 14.556300 2.0 728
1032.01 24.0138 3843 109.10340 615.300000 26.2 300
1050.01 1.5002 321 66.34220 1.269094 2.3 1462
1051.01 2.9340 395 71.11680 6.796730 1.7 841
1052.01 4.3752 503 76.34720 17.028200 2.6 719
1053.01 1.6860 212 66.21020 1.224848 1.9 1466
1054.01 3.7930 202 67.38400 3.323610 2.0 1116
1059.01 1.4113 141 66.45570 1.022666 1.4 1400
1060.01 5.5786 229 73.21170 12.109630 1.5 856
1060.02 4.8600 117 70.69700 4.757930 1.2 1163
1061.01 5.8923 374 75.73200 41.818000 2.3 520
1072.01 3.6243 428 72.11200 10.128040 2.1 881
1078.01 1.4965 1203 67.87110 3.353682 1.9 660
1081.01 3.2893 570 67.30260 9.956930 1.4 732
1082.01 2.5360 480 68.27370 6.503180 1.9 763
1083.01 3.5414 311 71.58460 7.336790 1.6 834
1085.01 1.9381 394 72.15560 7.717940 1.2 573
1086.01 5.9559 403 77.87710 27.662500 2.5 623
1089.01 10.1641 8028 108.59860 86.677470 9.6 429
1089.02 2.8501 1745 73.32100 12.218220 5.7 824
1094.01 4.7951 780 68.58510 6.100270 2.4 893
1095.01 2.7384 5394 136.97830 51.598250 25.8 422
1099.01 3.7160 4404 131.00300 161.525200 3.7 244
1101.01 2.2767 333 67.85930 2.847635 1.1 865
1102.01 3.8679 500 70.60930 12.331800 3.2 841
1102.02 3.8409 376 73.56300 8.145610 0.9 966
1106.01 3.6049 337 72.90220 7.426030 0.9 905
1108.01 3.6924 340 73.03730 9.462550 1.4 672
1109.01 6.4230 213 67.73800 6.722330 1.4 822
1110.01 3.5692 312 68.09300 8.734920 1.9 837
1111.01 3.7924 330 69.50000 10.264940 1.6 689
1112.01 7.9162 402 91.32300 37.812200 2.2 547
1113.01 4.6584 380 82.74910 25.934960 2.6 676
1113.02 7.0361 452 91.69900 83.441100 2.8 458
1114.01 2.3308 280 72.79530 7.047200 2.2 960
1115.01 6.0624 214 69.32620 12.991720 2.0 837
1116.01 1.9015 172 68.10210 3.749224 1.4 1144
1117.01 6.1980 136 74.75720 11.089770 1.2 842
1118.01 1.7024 182 70.60090 7.373250 1.8 1049
1128.01 1.7084 177 66.07360 0.974882 1.0 1378
1129.01 1.4556 310 66.38320 4.897680 2.7 959
1141.01 2.7088 705 68.18530 5.727960 2.0 634
1142.01 2.0797 428 66.42880 3.755719 1.5 892
1144.01 3.4602 207 67.58260 2.441836 1.6 1250
1145.01 5.3510 448 95.87460 30.590800 2.0 549
1146.01 2.0887 371 69.34940 7.096950 1.3 512
1148.01 4.7868 186 68.40250 11.475660 2.2 952
1149.01 1.7338 248 69.23280 7.169180 1.6 783
1150.01 1.9085 76 66.94560 0.677375 0.7 1940
1151.01 3.3203 104 67.81790 5.217850 1.2 989
1151.02 3.4924 107 68.74860 7.410840 1.2 877
1152.01 3.4095 81037 111.24288 4.722250 19.2 676
1159.01 5.0986 2254 99.13890 64.619800 5.3 372
1160.01 3.1995 998 73.58080 13.214360 1.8 529
1161.01 3.7439 342 68.91640 6.057670 2.3 925
1162.01 11.7092 861 106.93790 158.695100 3.9 375
1163.01 1.8096 320 68.71490 2.936566 1.9 1153
1163.02 3.4700 321 67.82390 8.015330 1.8 821
1164.01 3.5820 206 66.38910 2.801128 1.2 829
1165.01 1.8463 473 69.35310 7.054040 2.9 1009
1166.01 1.5231 513 66.21530 7.675030 2.8 880
1168.01 23.2431 779 161.45070 458.000000 3.9 291
1169.01 1.5932 181 66.28620 0.689209 1.2 1895
1170.01 1.2491 470 70.30230 7.343619 1.4 670
1175.01 12.4129 106 75.95600 31.595300 0.9 493
1176.01 1.8347 28812 111.68870 1.973760 11.1 974
1177.01 2.5220 19849 113.67970 3.305600 9.8 945
1187.01 0.7778 1692 66.79903 0.370528 2.5 1789
1192.01 17.0021 1289 105.51140 123.000000 4.1 362
1193.01 3.2991 2482 82.21930 59.530900 12.9 463
1198.01 5.4692 608 72.48870 16.089030 2.0 679
1198.02 5.2647 279 75.72600 10.301330 1.5 788
1199.01 5.5648 973 80.86400 53.529600 2.7 379
1201.01 0.9997 568 66.05460 2.757529 1.4 686
1202.01 1.3660 381 66.80360 0.928308 1.5 1104
1203.01 5.2656 749 93.22960 31.881100 2.5 544
1203.02 3.3983 475 75.90030 14.128230 2.4 713
1204.01 6.4828 300 69.33000 8.397760 1.7 906
1205.01 5.2040 348 72.95080 8.638510 2.1 888
1207.01 2.1368 662 75.32820 13.734590 2.9 650
1208.01 8.5880 3055 182.43880 300.000000 7.0 301
1210.01 5.8162 263 67.09890 14.554950 1.2 673
1212.01 3.8647 252 67.91800 11.301430 1.8 798
1214.01 2.8863 163 66.44580 4.241760 1.5 1146
1215.01 7.4620 210 75.11800 17.322980 2.2 869
1215.02 7.2268 235 78.38890 33.005800 2.1 701
1216.01 4.0428 167 67.36710 11.131270 2.0 883
1218.01 4.7972 268 66.68220 29.618630 2.2 593
1219.01 3.0841 89 67.68600 3.503940 1.2 1031
1220.01 2.3617 119 69.88920 6.400680 1.1 797
1221.01 7.8099 137 71.53500 30.156200 5.0 944
1221.02 12.5482 121 85.31600 51.091700 5.3 792
1222.01 3.2088 54 67.49900 4.285450 0.8 841
1226.01 7.8230 79904 106.16362 137.759920 26.6 301
1227.01 1.7476 16872 66.57494 2.155283 8.3 1066
1230.01 31.8501 5970 147.03400 165.753700 50.2 650
1236.01 7.8927 689 84.04940 35.744680 2.8 627
1236.02 5.6648 179 70.68890 6.154880 1.7 1125
1238.01 7.1034 490 72.10860 27.072390 2.1 543
1240.01 2.2251 236 66.65160 2.139570 1.5 1272
1241.01 10.5451 315 80.07050 21.408270 10.4 1142
1241.02 12.6584 141 68.74600 10.494470 7.0 1446
1242.01 4.6572 2603 216.23980 99.642000 6.3 412
1244.01 3.0620 301 67.09740 10.804580 1.5 746
1245.01 5.3201 239 73.72710 13.720290 1.5 774
1246.01 3.5116 326 81.55170 19.037260 2.4 723
1257.01 4.4410 7473 106.79260 86.648140 10.4 398
1258.01 6.3287 2841 93.39130 36.339210 4.2 446
1261.01 11.5198 4741 149.04350 133.458900 6.3 335
1264.01 3.5197 1034 75.26280 14.131460 2.7 637
1266.01 3.9623 816 70.66510 11.419440 2.0 543
1268.01 10.3358 5940 293.07020 191.000000 8.6 336
1270.01 1.2127 815 71.55550 5.729434 2.0 698
1273.01 5.3917 1064 102.90680 40.059490 2.8 460
1275.01 6.3429 970 100.63060 50.286610 3.3 466
1276.01 5.1517 517 71.69970 22.788640 1.5 474
1278.01 5.8956 263 78.07900 12.402870 1.6 744
1278.02 6.2243 682 94.31820 44.347400 2.4 487
1279.01 4.9091 292 71.20730 14.374280 1.1 584
1281.01 2.8618 523 74.82430 49.478700 2.0 431
1282.01 8.5310 212 95.88300 30.863170 2.0 688
1283.01 5.8824 53 71.05240 8.091660 0.7 883
1285.01 1.6718 4576 67.72319 0.937416 8.0 1606
1288.01 6.6527 8365 152.70440 117.930000 9.8 400
1298.01 2.0927 1391 76.22530 11.008230 3.7 554
1299.01 15.1959 789 104.52780 52.498900 10.2 748
1300.01 1.1440 416 66.94395 0.631331 1.7 1485
1301.01 2.6177 703 117.98940 12.699020 1.9 588
1301.02 3.5078 1045 122.28280 37.521400 2.3 409
1302.01 6.8896 804 120.55800 55.639400 2.4 427
1303.01 18.2696 383 76.68900 34.293600 2.6 579
1304.01 3.1186 297 69.48120 4.597230 1.8 964
1305.01 2.2079 262 67.55910 2.633895 1.3 1020
1306.01 1.7321 239 66.32700 1.796375 2.1 1431
1306.02 2.2614 264 69.00700 3.468005 2.2 1136
1306.03 3.7452 216 66.45800 5.914950 1.8 956
1307.01 3.8988 736 105.47440 44.849670 3.0 505
1307.02 2.3012 512 70.69750 20.342000 2.8 657
1308.01 5.5317 382 78.95780 23.584270 2.0 607
1309.01 4.6916 266 70.45150 10.116720 2.5 1117
1310.01 3.6617 403 72.43840 19.129030 2.0 657
1311.01 7.2596 576 135.46210 83.575500 3.4 494
1312.01 2.6895 261 68.06650 6.146810 1.6 950
1314.01 7.8679 128 73.14300 8.575490 3.5 1213
1315.01 3.4409 136 66.76270 6.846390 1.9 1106
1316.01 6.4621 50 71.33000 7.649810 0.7 936
1325.01 3.4427 2699 70.47060 10.035392 3.3 652
1328.01 3.1414 4598 93.97470 80.966000 4.8 338
1329.01 5.1611 990 86.66050 33.199590 2.5 457
1335.01 11.2408 1716 226.41890 127.829500 7.6 480
1336.01 3.6241 422 69.85930 10.218690 2.5 884
1337.01 1.8187 218 67.50430 1.922787 1.4 1177
1338.01 3.0650 211 111.06670 3.223004 1.7 1195
1339.01 2.8821 246 67.90050 4.168040 2.0 1150
1341.01 2.9285 214 67.02760 4.514340 1.6 1165
1342.01 3.1222 160 67.05780 3.773707 1.6 1242
1344.01 2.6231 117 66.36030 4.487610 1.1 1021
1353.01 10.8183 12406 169.65780 125.864900 18.1 469
1355.01 5.1862 2845 84.93280 51.929040 2.8 342
1360.01 4.5398 1377 97.29800 36.769440 2.7 408
1360.02 2.3547 836 74.93000 14.589510 2.3 555
1361.01 4.8039 1362 84.18310 59.879100 2.2 279
1363.01 2.3642 455 67.89750 3.546626 1.8 1052
1364.01 4.0375 851 119.04650 20.832990 2.9 596
1364.02 2.8321 723 114.92460 7.055190 2.7 854
1366.01 4.5442 886 97.77350 19.254930 2.4 582
1367.01 0.9983 315 67.06000 0.567860 1.2 1639
1369.01 2.7220 254 66.89030 3.016111 1.8 1239
1370.01 2.3585 402 68.25860 6.883540 1.7 795
1372.01 10.4241 488 109.04900 69.711800 2.2 416
1375.01 4.7760 2369 139.92670 321.216100 17.9 300
1376.01 2.6400 274 117.24340 7.139060 2.8 1337
1377.01 5.0697 178 67.55700 11.296980 1.6 868
1378.01 4.8532 218 66.35340 19.302040 1.3 590
1379.01 2.4909 149 69.88780 5.621614 0.8 790
1382.01 3.7694 46634 112.53263 4.202347 24.1 1191
1385.01 4.0744 46306 72.08453 18.610068 15.1 581
1387.01 4.8792 56665 85.56423 23.799979 31.1 615
1391.01 1.9404 4222 66.80210 7.981177 8.3 921
1395.01 1.5514 1455 114.29690 6.230288 2.5 718
1396.01 3.1586 778 116.98670 6.626410 2.5 884
1396.02 2.5938 339 113.27090 3.701280 1.9 1067
1401.01 2.6369 240 66.80310 0.566719 2.0 2820
1402.01 3.8080 425 70.18760 7.139620 1.7 792
1403.01 3.0231 759 74.72250 18.754090 2.0 444
1404.01 3.0415 430 68.24040 6.662050 1.5 603
1405.01 4.0389 494 119.30000 11.419690 2.1 767
1406.01 3.9013 481 69.92380 11.361210 2.5 828
1407.01 2.6597 200 67.24410 1.387195 0.7 1245
1408.01 3.2050 521 78.42310 14.534510 1.8 492
1409.01 2.4035 674 66.49290 16.560740 3.7 719
1410.01 4.5646 550 83.24270 15.749970 1.6 709
1412.01 8.7616 349 67.67560 37.811800 2.1 580
1413.01 7.9911 170 71.63400 12.644900 1.5 730
1419.01 1.3238 1953 111.25851 1.336103 5.8 1674
1422.01 2.0371 1254 68.92250 5.841618 3.1 627
1422.02 2.9373 1451 66.64830 19.850370 2.9 416
1422.03 1.5785 425 67.75220 3.621387 2.0 736
1423.01 4.0874 4218 83.59490 124.419800 4.3 274
1424.01 1.5471 448 66.45980 1.219567 1.6 1151
1425.01 2.1991 474 66.73360 2.053893 0.8 1106
1426.01 6.7799 851 104.27480 38.876410 3.3 551
1426.02 5.2850 4033 58.05620 74.914430 7.7 443
1426.03 4.8985 3989 157.67330 150.034100 36.1 352
1427.01 1.7776 520 66.11190 2.613011 1.5 830
1428.01 1.4407 439 66.90506 0.927860 1.9 1439
1429.01 10.1791 2270 185.73650 205.931700 4.2 276
1430.01 2.3132 972 85.64390 10.475300 2.3 577
1432.01 3.4501 419 71.40890 6.885890 1.9 833
1433.01 3.6136 650 72.37860 19.807520 1.7 516
1434.01 2.1140 260 66.20560 2.343240 1.4 1084
1435.01 8.4693 478 79.55680 40.717400 1.7 454
1436.01 2.4834 212 68.00970 2.508513 1.5 1240
1437.01 3.2369 264 66.89600 7.017380 2.2 951
1438.01 5.6224 183 69.64850 6.911260 1.5 939
1439.01 23.0602 1084 110.86840 1155.000000 4.1 195
1440.01 3.0898 245 69.05740 7.192980 1.4 851
1441.01 3.1188 261 67.64600 8.506950 2.3 871
1442.01 1.5890 117 67.13090 0.669311 1.6 2242
1444.01 6.4860 380 73.21960 44.927900 3.0 611
1445.01 4.6119 92 68.68200 7.168750 1.2 1099
1448.01 2.9237 42267 67.10940 2.486588 23.5 1383
1452.01 2.3632 12264 66.27640 1.152221 22.0 2562
1459.01 1.0700 4439 66.11011 0.692023 6.9 1435
1463.01 11.9788 21262 77.08517 253.000000 16.3 311
1465.01 1.6975 4492 68.58530 9.771425 4.9 653
1468.01 6.2072 1283 68.84070 8.480842 3.7 873
1472.01 6.5891 4089 94.00880 85.350290 3.6 295
1474.01 5.8511 4198 129.05250 69.745380 11.3 622
1475.01 1.5907 752 111.94120 1.609323 1.8 969
1475.02 3.0303 1103 118.47380 9.512480 2.2 532
1476.01 5.7031 2555 155.28760 56.364700 4.6 413
1477.01 8.3090 13927 161.93270 400.000000 9.4 195
1478.01 8.0856 2793 132.48530 76.133330 3.7 341
1480.01 3.9475 1381 75.31960 20.381390 2.5 475
1486.01 7.0829 7664 96.89280 254.559800 8.5 256
1486.02 5.4993 782 79.64070 30.183900 2.4 521
1488.01 1.6191 762 67.60760 3.949663 2.6 941
1489.01 3.8636 905 73.48230 16.004740 2.4 564
1494.01 2.9005 707 69.69430 8.195710 2.4 659
1495.01 5.0903 740 70.56180 15.594700 2.6 693
1498.01 3.9280 462 71.75030 5.833750 1.8 917
1499.01 4.2960 679 73.59000 14.163940 3.0 708
1501.01 2.1661 407 67.02470 2.617090 1.7 1003
1502.01 1.5056 413 66.12750 1.876417 1.9 1131
1503.01 10.8923 2254 71.28900 150.242100 2.7 242
1505.01 3.1205 415 70.32430 5.032660 2.2 999
1506.01 6.3551 783 72.50050 40.429100 2.3 462
1507.01 6.0774 589 68.04390 21.360410 2.3 634
1508.01 4.5912 677 69.47350 22.046980 1.6 483
1510.01 1.1235 469 111.34780 0.839992 1.8 1275
1511.01 2.2855 332 66.22050 2.578886 1.6 1150
1512.01 2.0692 646 70.86700 9.041840 2.1 652
1515.01 1.5355 305 67.71910 1.937029 1.3 927
1516.01 5.1817 623 72.54450 20.554530 2.3 656
1517.01 6.0046 931 84.80660 40.068970 3.3 544
1518.01 5.2245 510 84.84350 27.506580 2.2 541
1519.01 2.2369 321 66.82560 5.144500 1.5 785
1520.01 3.2262 499 71.16200 18.458650 2.1 597
1521.01 4.0344 547 89.19840 25.941160 2.4 532
1522.01 5.0713 524 81.92930 33.385700 2.5 562
1523.01 5.3847 239 68.86820 8.479970 2.2 835
1525.01 4.4884 202 66.55550 7.714670 2.1 1214
1526.01 3.0765 184 66.46320 4.444480 1.3 1003
1527.01 5.6836 1029 95.87190 192.674000 4.9 337
1528.01 1.5604 194 67.09840 3.989558 0.8 746
1529.01 3.5244 277 80.74850 17.976190 1.7 699
1530.01 3.5406 239 72.78210 12.984860 2.0 819
1531.01 2.3874 158 69.58390 5.699270 1.4 1049
1532.01 4.9255 192 80.49870 18.114170 2.0 816
1533.01 3.0841 143 67.88540 6.241510 1.4 1062
1534.01 5.9455 157 79.98320 20.422380 1.6 730
1535.01 6.6899 349 121.56170 70.699000 2.4 485
1536.01 2.9231 60 66.56320 3.744380 1.0 1209
1537.01 6.1963 59 69.67800 10.192010 1.0 922
1540.01 2.9953 45881 111.21359 1.207852 19.3 1516
1541.01 3.2386 46979 66.65090 2.379280 20.6 1394
1543.01 4.7888 25650 69.02882 3.964333 14.9 1102
1546.01 1.7236 11934 66.93410 0.917559 5.8 1309
1549.01 3.7446 11305 67.22398 29.481036 32.8 579
1553.01 6.6202 5521 89.30390 52.759350 7.1 481
1557.01 1.9833 1654 66.96450 3.295711 5.2 1123
1560.01 2.7667 4015 91.29840 31.569150 29.6 580
1561.01 2.0755 2052 115.08100 9.085928 5.6 836
1564.01 5.3239 2920 82.20070 53.449310 3.1 360
1569.01 2.7366 1098 76.02750 13.752420 2.5 543
1573.01 3.4077 1743 89.52100 24.807620 3.8 589
1574.01 11.5744 4475 98.15470 114.731600 5.8 331
1576.01 2.7055 774 76.04670 10.415650 3.2 828
1577.01 1.7039 514 66.73090 2.806213 1.5 810
1581.01 10.6245 579 70.53700 29.551100 2.3 499
1582.01 4.7382 3514 79.97950 186.382700 4.5 240
1583.01 4.5321 444 70.20590 8.047250 1.8 797
1584.01 2.3611 509 70.24160 5.870840 1.9 667
1585.01 4.9613 768 72.73840 19.179700 2.2 573
1586.01 2.0622 559 68.46350 6.991262 1.7 647
1587.01 3.1788 3872 92.06230 52.971020 7.4 393
1588.01 1.5328 460 68.54610 3.517485 1.5 751
1589.01 4.2548 405 71.77480 8.725480 2.2 895
1589.02 4.0724 420 68.20650 12.881950 2.3 787
1590.01 3.6462 718 134.22780 25.780040 2.8 494
1590.02 1.5004 305 110.88280 2.355804 1.9 1098
1591.01 2.4255 764 73.29180 19.657030 1.5 434
1593.01 2.6164 553 115.46720 9.694480 2.5 794
1595.01 5.1212 724 75.08280 40.108800 2.9 502
1596.01 2.7169 359 67.68460 5.923600 2.3 825
1596.02 4.3349 1092 71.68680 105.355100 3.5 316
1597.01 4.6377 315 67.42000 7.796630 2.1 1043
1598.01 5.6905 1032 76.81120 56.475400 3.0 437
1599.01 4.8627 446 72.99720 20.421160 2.5 636
1601.01 6.2071 263 66.71710 10.350660 1.5 726
1602.01 5.8532 242 70.22300 9.977880 1.7 757
1603.01 2.7672 179 66.48500 3.021530 1.4 1146
1605.01 1.4484 333 68.04780 4.939157 1.8 1126
1606.01 1.9798 222 66.21730 5.082573 1.2 908
1608.01 4.4061 190 71.71750 9.175900 1.6 943
1609.01 5.4671 346 102.57010 41.698400 2.3 551
